Время обновления: 2022-11-06 21:57:33
ID	Участник                 Место	Рейтинг	Посылки	+ (1000)   - (1000)	+	-
263178	Шестаков Вячеслав        79	24238	1702	725	   0		930	4
262625	Вахитова Екатерина       4558	3534	605	190	   17		215	25
328905	Леонтьев Дмитрий         24719	675	176	54	   4		61	5
369588	Поддубецкий Антон        52475	225	109	20	   8		25	11
415632	Ченченко Даниил          60395	173	38	15	   1		15	1
415486	Шатохин Данил            88591	75	23	9	   1		11	1
416762	Дегтерева Карина         108340	44	14	7	   2		7	2
415633	Селедкин Ярослав         110096	42	34	7	   2		9	2
321540	Казаков Максим           111129	41	8	6	   1		6	1
418688	Глушков Артём            210870	0	0	0	   0		0	0
